(kicad_pcb (version 20171130) (host pcbnew 5.1.2)

  (general
    (thickness 1.6)
    (drawings 0)
    (tracks 6)
    (zones 0)
    (modules 72)
    (nets 93)
  )

  (page A4)
  (layers
    (0 F.Cu signal)
    (31 B.Cu signal)
    (32 B.Adhes user)
    (33 F.Adhes user)
    (34 B.Paste user)
    (35 F.Paste user)
    (36 B.SilkS user)
    (37 F.SilkS user)
    (38 B.Mask user)
    (39 F.Mask user)
    (40 Dwgs.User user)
    (41 Cmts.User user)
    (42 Eco1.User user)
    (43 Eco2.User user)
    (44 Edge.Cuts user)
    (45 Margin user)
    (46 B.CrtYd user)
    (47 F.CrtYd user)
    (48 B.Fab user)
    (49 F.Fab user)
  )

  (setup
    (last_trace_width 0.25)
    (trace_clearance 0.2)
    (zone_clearance 0.508)
    (zone_45_only no)
    (trace_min 0.2)
    (via_size 0.8)
    (via_drill 0.4)
    (via_min_size 0.4)
    (via_min_drill 0.3)
    (uvia_size 0.3)
    (uvia_drill 0.1)
    (uvias_allowed no)
    (uvia_min_size 0.2)
    (uvia_min_drill 0.1)
    (edge_width 0.05)
    (segment_width 0.2)
    (pcb_text_width 0.3)
    (pcb_text_size 1.5 1.5)
    (mod_edge_width 0.12)
    (mod_text_size 1 1)
    (mod_text_width 0.15)
    (pad_size 1.524 1.524)
    (pad_drill 0.762)
    (pad_to_mask_clearance 0.051)
    (solder_mask_min_width 0.25)
    (aux_axis_origin 0 0)
    (visible_elements FFFFFF7F)
    (pcbplotparams
      (layerselection 0x010fc_ffffffff)
      (usegerberextensions false)
      (usegerberattributes false)
      (usegerberadvancedattributes false)
      (creategerberjobfile false)
      (excludeedgelayer true)
      (linewidth 0.100000)
      (plotframeref false)
      (viasonmask false)
      (mode 1)
      (useauxorigin false)
      (hpglpennumber 1)
      (hpglpenspeed 20)
      (hpglpendiameter 15.000000)
      (psnegative false)
      (psa4output false)
      (plotreference true)
      (plotvalue true)
      (plotinvisibletext false)
      (padsonsilk false)
      (subtractmaskfromsilk false)
      (outputformat 1)
      (mirror false)
      (drillshape 1)
      (scaleselection 1)
      (outputdirectory ""))
  )

  (net 0 "")
  (net 1 "Net-(A1-Pad1)")
  (net 2 "Net-(A1-Pad2)")
  (net 3 GND)
  (net 4 "Net-(A1-Pad5)")
  (net 5 +5V)
  (net 6 "Net-(D2-Pad1)")
  (net 7 "Net-(D2-Pad2)")
  (net 8 "Net-(D3-Pad2)")
  (net 9 "Net-(D3-Pad1)")
  (net 10 "Net-(D4-Pad2)")
  (net 11 "Net-(D4-Pad1)")
  (net 12 "Net-(D5-Pad1)")
  (net 13 "Net-(D5-Pad2)")
  (net 14 "Net-(D6-Pad1)")
  (net 15 "Net-(D6-Pad2)")
  (net 16 "Net-(D7-Pad2)")
  (net 17 "Net-(D7-Pad1)")
  (net 18 "Net-(D8-Pad1)")
  (net 19 "Net-(D8-Pad2)")
  (net 20 "Net-(D9-Pad2)")
  (net 21 "Net-(D9-Pad1)")
  (net 22 /FPGA_BTN0)
  (net 23 /FPGA_BTN1)
  (net 24 /FPGA_BTN_RST)
  (net 25 /RPI_TXD)
  (net 26 /RPI_RXD)
  (net 27 /SONL_TRIG)
  (net 28 /SONL_ECHO)
  (net 29 /SONR_TRIG)
  (net 30 /SONR_ECHO)
  (net 31 /QTRR_CTRL)
  (net 32 /QTRR_OUT)
  (net 33 /QTRL_CTRL)
  (net 34 /QTRL_OUT)
  (net 35 /ROMI_ENC_RB)
  (net 36 /ROMI_ENC_RA)
  (net 37 /ROMI_ENC_LB)
  (net 38 /ROMI_ENC_LA)
  (net 39 /ROMI_PWMR)
  (net 40 /ROMI_DIRR)
  (net 41 /ROMI_~SLPR)
  (net 42 /ROMI_PWML)
  (net 43 /ROMI_DIRL)
  (net 44 /ROMI_~SLPL)
  (net 45 /FPGA_LED0)
  (net 46 /FPGA_3.3V_OUT)
  (net 47 /RPI_3.3V_OUT)
  (net 48 /RPI_GPIO2)
  (net 49 /RPI_GPIO3)
  (net 50 /RPI_GPIO4)
  (net 51 /RPI_GPIO17)
  (net 52 /RPI_GPIO18)
  (net 53 /RPI_GPIO27)
  (net 54 /RPI_GPIO22)
  (net 55 /RPI_GPIO23)
  (net 56 /RPI_GPIO24)
  (net 57 /FPGA_SDI)
  (net 58 /FPGA_SDO)
  (net 59 /RPI_GPIO25)
  (net 60 /FPGA_SCK)
  (net 61 /FPGA_SS)
  (net 62 /RPI_GPIO7)
  (net 63 /RPI_ID_SD)
  (net 64 /RPI_ID_SC)
  (net 65 /FPGA_~HOLD)
  (net 66 /FPGA_~WP)
  (net 67 /RPI_GPIO12)
  (net 68 /RPI_GPIO13)
  (net 69 /RPI_GPIO19)
  (net 70 /RPI_GPIO16)
  (net 71 /RPI_GPIO26)
  (net 72 /RPI_GPIO20)
  (net 73 /RPI_GPIO21)
  (net 74 /FPGA_LED1)
  (net 75 /FPGA_LED4)
  (net 76 /FPGA_LED2)
  (net 77 /FPGA_LED5)
  (net 78 /FPGA_LED3)
  (net 79 /FPGA_LED6)
  (net 80 /FPGA_USB_N)
  (net 81 /FPGA_USB_P)
  (net 82 /FPGA_USB_PU)
  (net 83 /FPGA_LED)
  (net 84 /FPGA_LED7)
  (net 85 /FPGA_CLK)
  (net 86 "Net-(J6-Pad1)")
  (net 87 +BATT)
  (net 88 +3V3)
  (net 89 "Net-(J14-Pad3)")
  (net 90 "Net-(J15-Pad3)")
  (net 91 "Net-(J16-Pad2)")
  (net 92 /ROMI_3V3)

  (net_class Default "This is the default net class."
    (clearance 0.2)
    (trace_width 0.25)
    (via_dia 0.8)
    (via_drill 0.4)
    (uvia_dia 0.3)
    (uvia_drill 0.1)
    (add_net +3V3)
    (add_net +5V)
    (add_net +BATT)
    (add_net /FPGA_3.3V_OUT)
    (add_net /FPGA_BTN0)
    (add_net /FPGA_BTN1)
    (add_net /FPGA_BTN_RST)
    (add_net /FPGA_CLK)
    (add_net /FPGA_LED)
    (add_net /FPGA_LED0)
    (add_net /FPGA_LED1)
    (add_net /FPGA_LED2)
    (add_net /FPGA_LED3)
    (add_net /FPGA_LED4)
    (add_net /FPGA_LED5)
    (add_net /FPGA_LED6)
    (add_net /FPGA_LED7)
    (add_net /FPGA_SCK)
    (add_net /FPGA_SDI)
    (add_net /FPGA_SDO)
    (add_net /FPGA_SS)
    (add_net /FPGA_USB_N)
    (add_net /FPGA_USB_P)
    (add_net /FPGA_USB_PU)
    (add_net /FPGA_~HOLD)
    (add_net /FPGA_~WP)
    (add_net /QTRL_CTRL)
    (add_net /QTRL_OUT)
    (add_net /QTRR_CTRL)
    (add_net /QTRR_OUT)
    (add_net /ROMI_3V3)
    (add_net /ROMI_DIRL)
    (add_net /ROMI_DIRR)
    (add_net /ROMI_ENC_LA)
    (add_net /ROMI_ENC_LB)
    (add_net /ROMI_ENC_RA)
    (add_net /ROMI_ENC_RB)
    (add_net /ROMI_PWML)
    (add_net /ROMI_PWMR)
    (add_net /ROMI_~SLPL)
    (add_net /ROMI_~SLPR)
    (add_net /RPI_3.3V_OUT)
    (add_net /RPI_GPIO12)
    (add_net /RPI_GPIO13)
    (add_net /RPI_GPIO16)
    (add_net /RPI_GPIO17)
    (add_net /RPI_GPIO18)
    (add_net /RPI_GPIO19)
    (add_net /RPI_GPIO2)
    (add_net /RPI_GPIO20)
    (add_net /RPI_GPIO21)
    (add_net /RPI_GPIO22)
    (add_net /RPI_GPIO23)
    (add_net /RPI_GPIO24)
    (add_net /RPI_GPIO25)
    (add_net /RPI_GPIO26)
    (add_net /RPI_GPIO27)
    (add_net /RPI_GPIO3)
    (add_net /RPI_GPIO4)
    (add_net /RPI_GPIO7)
    (add_net /RPI_ID_SC)
    (add_net /RPI_ID_SD)
    (add_net /RPI_RXD)
    (add_net /RPI_TXD)
    (add_net /SONL_ECHO)
    (add_net /SONL_TRIG)
    (add_net /SONR_ECHO)
    (add_net /SONR_TRIG)
    (add_net GND)
    (add_net "Net-(A1-Pad1)")
    (add_net "Net-(A1-Pad2)")
    (add_net "Net-(A1-Pad5)")
    (add_net "Net-(D2-Pad1)")
    (add_net "Net-(D2-Pad2)")
    (add_net "Net-(D3-Pad1)")
    (add_net "Net-(D3-Pad2)")
    (add_net "Net-(D4-Pad1)")
    (add_net "Net-(D4-Pad2)")
    (add_net "Net-(D5-Pad1)")
    (add_net "Net-(D5-Pad2)")
    (add_net "Net-(D6-Pad1)")
    (add_net "Net-(D6-Pad2)")
    (add_net "Net-(D7-Pad1)")
    (add_net "Net-(D7-Pad2)")
    (add_net "Net-(D8-Pad1)")
    (add_net "Net-(D8-Pad2)")
    (add_net "Net-(D9-Pad1)")
    (add_net "Net-(D9-Pad2)")
    (add_net "Net-(J14-Pad3)")
    (add_net "Net-(J15-Pad3)")
    (add_net "Net-(J16-Pad2)")
    (add_net "Net-(J6-Pad1)")
  )

  (module LED_THT:LED_D5.0mm_Clear (layer F.Cu) (tedit 5A6C9BC0) (tstamp 5CF78EC5)
    (at 285.75 -16.51 180)
    (descr "LED, diameter 5.0mm, 2 pins, http://cdn-reichelt.de/documents/datenblatt/A500/LL-504BC2E-009.pdf")
    (tags "LED diameter 5.0mm 2 pins")
    (path /5D4B9943)
    (fp_text reference D2 (at 5.08 2.54) (layer F.SilkS)
      (effects (font (size 1 1) (thickness 0.15)))
    )
    (fp_text value LED (at 1.27 3.96) (layer F.Fab)
      (effects (font (size 1 1) (thickness 0.15)))
    )
    (fp_text user %R (at 1.25 0) (layer F.Fab)
      (effects (font (size 0.8 0.8) (thickness 0.2)))
    )
    (fp_line (start -1.23 -1.469694) (end -1.23 1.469694) (layer F.Fab) (width 0.1))
    (fp_line (start -1.29 -1.545) (end -1.29 1.545) (layer F.SilkS) (width 0.12))
    (fp_line (start -1.95 -3.25) (end -1.95 3.25) (layer F.CrtYd) (width 0.05))
    (fp_line (start -1.95 3.25) (end 4.5 3.25) (layer F.CrtYd) (width 0.05))
    (fp_line (start 4.5 3.25) (end 4.5 -3.25) (layer F.CrtYd) (width 0.05))
    (fp_line (start 4.5 -3.25) (end -1.95 -3.25) (layer F.CrtYd) (width 0.05))
    (fp_circle (center 1.27 0) (end 3.77 0) (layer F.Fab) (width 0.1))
    (fp_circle (center 1.27 0) (end 3.77 0) (layer F.SilkS) (width 0.12))
    (fp_arc (start 1.27 0) (end -1.23 -1.469694) (angle 299.1) (layer F.Fab) (width 0.1))
    (fp_arc (start 1.27 0) (end -1.29 -1.54483) (angle 148.9) (layer F.SilkS) (width 0.12))
    (fp_arc (start 1.27 0) (end -1.29 1.54483) (angle -148.9) (layer F.SilkS) (width 0.12))
    (pad 1 thru_hole rect (at 0 0 180) (size 1.8 1.8) (drill 0.9) (layers *.Cu *.Mask)
      (net 6 "Net-(D2-Pad1)"))
    (pad 2 thru_hole circle (at 2.54 0 180) (size 1.8 1.8) (drill 0.9) (layers *.Cu *.Mask)
      (net 7 "Net-(D2-Pad2)"))
    (model ${KISYS3DMOD}/LED_THT.3dshapes/LED_D5.0mm_Clear.wrl
      (at (xyz 0 0 0))
      (scale (xyz 1 1 1))
      (rotate (xyz 0 0 0))
    )
  )

  (module custom:Murata_OKR-T-3_P73 (layer F.Cu) (tedit 5CD8F7CF) (tstamp 5CF78E03)
    (at 199.39 38.1)
    (descr "Murata OKR-T/3 Series - P73 Footprint")
    (path /5CD90422)
    (fp_text reference A1 (at -2.66388 -3.6403) (layer F.SilkS)
      (effects (font (size 1.00146 1.00146) (thickness 0.05)))
    )
    (fp_text value OKR-T_3-W12-C (at -2.02747 4.47047) (layer F.SilkS)
      (effects (font (size 1.00123 1.00123) (thickness 0.05)))
    )
    (fp_line (start -5.2 -2.54) (end 5.2 -2.54) (layer Eco2.User) (width 0.127))
    (fp_line (start 5.2 -2.54) (end 5.2 3.56) (layer Eco2.User) (width 0.127))
    (fp_line (start 5.2 3.56) (end -5.2 3.56) (layer Eco2.User) (width 0.127))
    (fp_line (start -5.2 3.56) (end -5.2 -2.54) (layer Eco2.User) (width 0.127))
    (fp_line (start -5.2 3.56) (end -5.2 -2.54) (layer F.SilkS) (width 0.127))
    (fp_line (start -5.2 -2.54) (end 5.2 -2.54) (layer F.SilkS) (width 0.127))
    (fp_line (start 5.2 -2.54) (end 5.2 3.56) (layer F.SilkS) (width 0.127))
    (fp_line (start 5.2 3.56) (end -5.2 3.56) (layer F.SilkS) (width 0.127))
    (fp_line (start -5.45 -2.79) (end 5.45 -2.79) (layer Eco1.User) (width 0.05))
    (fp_line (start 5.45 -2.79) (end 5.45 3.81) (layer Eco1.User) (width 0.05))
    (fp_line (start 5.45 3.81) (end -5.45 3.81) (layer Eco1.User) (width 0.05))
    (fp_line (start -5.45 3.81) (end -5.45 -2.79) (layer Eco1.User) (width 0.05))
    (fp_circle (center -5.7 0) (end -5.58 0) (layer F.SilkS) (width 0.24))
    (fp_circle (center -5.7 0) (end -5.58 0) (layer Eco2.User) (width 0.24))
    (pad 1 thru_hole oval (at -3.4 0 90) (size 3 1.5) (drill 1.19) (layers *.Cu *.Mask)
      (net 1 "Net-(A1-Pad1)"))
    (pad 2 thru_hole oval (at -1.7 0 90) (size 3 1.5) (drill 1.19) (layers *.Cu *.Mask)
      (net 2 "Net-(A1-Pad2)"))
    (pad 3 thru_hole oval (at 0 0 90) (size 3 1.5) (drill 1.19) (layers *.Cu *.Mask)
      (net 3 GND))
    (pad 4 thru_hole oval (at 1.7 0 90) (size 3 1.5) (drill 1.19) (layers *.Cu *.Mask))
    (pad 5 thru_hole oval (at 3.4 0 90) (size 3 1.5) (drill 1.19) (layers *.Cu *.Mask)
      (net 4 "Net-(A1-Pad5)"))
    (model /home/patrick/dev/kicad-libs-custom/custom.pretty/mps_dcdc_okr_t3_w12_a.step
      (offset (xyz 5.2 -2.55 0))
      (scale (xyz 1 1 1))
      (rotate (xyz -90 0 180))
    )
  )

  (module Capacitor_THT:CP_Radial_D5.0mm_P2.00mm (layer F.Cu) (tedit 5AE50EF0) (tstamp 5CF7C6AA)
    (at 195.58 48.26)
    (descr "CP, Radial series, Radial, pin pitch=2.00mm, , diameter=5mm, Electrolytic Capacitor")
    (tags "CP Radial series Radial pin pitch 2.00mm  diameter 5mm Electrolytic Capacitor")
    (path /5CEAFB49)
    (fp_text reference C1 (at 1 -3.75) (layer F.SilkS)
      (effects (font (size 1 1) (thickness 0.15)))
    )
    (fp_text value 22uF (at 1 3.75) (layer F.Fab)
      (effects (font (size 1 1) (thickness 0.15)))
    )
    (fp_circle (center 1 0) (end 3.5 0) (layer F.Fab) (width 0.1))
    (fp_circle (center 1 0) (end 3.62 0) (layer F.SilkS) (width 0.12))
    (fp_circle (center 1 0) (end 3.75 0) (layer F.CrtYd) (width 0.05))
    (fp_line (start -1.133605 -1.0875) (end -0.633605 -1.0875) (layer F.Fab) (width 0.1))
    (fp_line (start -0.883605 -1.3375) (end -0.883605 -0.8375) (layer F.Fab) (width 0.1))
    (fp_line (start 1 1.04) (end 1 2.58) (layer F.SilkS) (width 0.12))
    (fp_line (start 1 -2.58) (end 1 -1.04) (layer F.SilkS) (width 0.12))
    (fp_line (start 1.04 1.04) (end 1.04 2.58) (layer F.SilkS) (width 0.12))
    (fp_line (start 1.04 -2.58) (end 1.04 -1.04) (layer F.SilkS) (width 0.12))
    (fp_line (start 1.08 -2.579) (end 1.08 -1.04) (layer F.SilkS) (width 0.12))
    (fp_line (start 1.08 1.04) (end 1.08 2.579) (layer F.SilkS) (width 0.12))
    (fp_line (start 1.12 -2.578) (end 1.12 -1.04) (layer F.SilkS) (width 0.12))
    (fp_line (start 1.12 1.04) (end 1.12 2.578) (layer F.SilkS) (width 0.12))
    (fp_line (start 1.16 -2.576) (end 1.16 -1.04) (layer F.SilkS) (width 0.12))
    (fp_line (start 1.16 1.04) (end 1.16 2.576) (layer F.SilkS) (width 0.12))
    (fp_line (start 1.2 -2.573) (end 1.2 -1.04) (layer F.SilkS) (width 0.12))
    (fp_line (start 1.2 1.04) (end 1.2 2.573) (layer F.SilkS) (width 0.12))
    (fp_line (start 1.24 -2.569) (end 1.24 -1.04) (layer F.SilkS) (width 0.12))
    (fp_line (start 1.24 1.04) (end 1.24 2.569) (layer F.SilkS) (width 0.12))
    (fp_line (start 1.28 -2.565) (end 1.28 -1.04) (layer F.SilkS) (width 0.12))
    (fp_line (start 1.28 1.04) (end 1.28 2.565) (layer F.SilkS) (width 0.12))
    (fp_line (start 1.32 -2.561) (end 1.32 -1.04) (layer F.SilkS) (width 0.12))
    (fp_line (start 1.32 1.04) (end 1.32 2.561) (layer F.SilkS) (width 0.12))
    (fp_line (start 1.36 -2.556) (end 1.36 -1.04) (layer F.SilkS) (width 0.12))
    (fp_line (start 1.36 1.04) (end 1.36 2.556) (layer F.SilkS) (width 0.12))
    (fp_line (start 1.4 -2.55) (end 1.4 -1.04) (layer F.SilkS) (width 0.12))
    (fp_line (start 1.4 1.04) (end 1.4 2.55) (layer F.SilkS) (width 0.12))
    (fp_line (start 1.44 -2.543) (end 1.44 -1.04) (layer F.SilkS) (width 0.12))
    (fp_line (start 1.44 1.04) (end 1.44 2.543) (layer F.SilkS) (width 0.12))
    (fp_line (start 1.48 -2.536) (end 1.48 -1.04) (layer F.SilkS) (width 0.12))
    (fp_line (start 1.48 1.04) (end 1.48 2.536) (layer F.SilkS) (width 0.12))
    (fp_line (start 1.52 -2.528) (end 1.52 -1.04) (layer F.SilkS) (width 0.12))
    (fp_line (start 1.52 1.04) (end 1.52 2.528) (layer F.SilkS) (width 0.12))
    (fp_line (start 1.56 -2.52) (end 1.56 -1.04) (layer F.SilkS) (width 0.12))
    (fp_line (start 1.56 1.04) (end 1.56 2.52) (layer F.SilkS) (width 0.12))
    (fp_line (start 1.6 -2.511) (end 1.6 -1.04) (layer F.SilkS) (width 0.12))
    (fp_line (start 1.6 1.04) (end 1.6 2.511) (layer F.SilkS) (width 0.12))
    (fp_line (start 1.64 -2.501) (end 1.64 -1.04) (layer F.SilkS) (width 0.12))
    (fp_line (start 1.64 1.04) (end 1.64 2.501) (layer F.SilkS) (width 0.12))
    (fp_line (start 1.68 -2.491) (end 1.68 -1.04) (layer F.SilkS) (width 0.12))
    (fp_line (start 1.68 1.04) (end 1.68 2.491) (layer F.SilkS) (width 0.12))
    (fp_line (start 1.721 -2.48) (end 1.721 -1.04) (layer F.SilkS) (width 0.12))
    (fp_line (start 1.721 1.04) (end 1.721 2.48) (layer F.SilkS) (width 0.12))
    (fp_line (start 1.761 -2.468) (end 1.761 -1.04) (layer F.SilkS) (width 0.12))
    (fp_line (start 1.761 1.04) (end 1.761 2.468) (layer F.SilkS) (width 0.12))
    (fp_line (start 1.801 -2.455) (end 1.801 -1.04) (layer F.SilkS) (width 0.12))
    (fp_line (start 1.801 1.04) (end 1.801 2.455) (layer F.SilkS) (width 0.12))
    (fp_line (start 1.841 -2.442) (end 1.841 -1.04) (layer F.SilkS) (width 0.12))
    (fp_line (start 1.841 1.04) (end 1.841 2.442) (layer F.SilkS) (width 0.12))
    (fp_line (start 1.881 -2.428) (end 1.881 -1.04) (layer F.SilkS) (width 0.12))
    (fp_line (start 1.881 1.04) (end 1.881 2.428) (layer F.SilkS) (width 0.12))
    (fp_line (start 1.921 -2.414) (end 1.921 -1.04) (layer F.SilkS) (width 0.12))
    (fp_line (start 1.921 1.04) (end 1.921 2.414) (layer F.SilkS) (width 0.12))
    (fp_line (start 1.961 -2.398) (end 1.961 -1.04) (layer F.SilkS) (width 0.12))
    (fp_line (start 1.961 1.04) (end 1.961 2.398) (layer F.SilkS) (width 0.12))
    (fp_line (start 2.001 -2.382) (end 2.001 -1.04) (layer F.SilkS) (width 0.12))
    (fp_line (start 2.001 1.04) (end 2.001 2.382) (layer F.SilkS) (width 0.12))
    (fp_line (start 2.041 -2.365) (end 2.041 -1.04) (layer F.SilkS) (width 0.12))
    (fp_line (start 2.041 1.04) (end 2.041 2.365) (layer F.SilkS) (width 0.12))
    (fp_line (start 2.081 -2.348) (end 2.081 -1.04) (layer F.SilkS) (width 0.12))
    (fp_line (start 2.081 1.04) (end 2.081 2.348) (layer F.SilkS) (width 0.12))
    (fp_line (start 2.121 -2.329) (end 2.121 -1.04) (layer F.SilkS) (width 0.12))
    (fp_line (start 2.121 1.04) (end 2.121 2.329) (layer F.SilkS) (width 0.12))
    (fp_line (start 2.161 -2.31) (end 2.161 -1.04) (layer F.SilkS) (width 0.12))
    (fp_line (start 2.161 1.04) (end 2.161 2.31) (layer F.SilkS) (width 0.12))
    (fp_line (start 2.201 -2.29) (end 2.201 -1.04) (layer F.SilkS) (width 0.12))
    (fp_line (start 2.201 1.04) (end 2.201 2.29) (layer F.SilkS) (width 0.12))
    (fp_line (start 2.241 -2.268) (end 2.241 -1.04) (layer F.SilkS) (width 0.12))
    (fp_line (start 2.241 1.04) (end 2.241 2.268) (layer F.SilkS) (width 0.12))
    (fp_line (start 2.281 -2.247) (end 2.281 -1.04) (layer F.SilkS) (width 0.12))
    (fp_line (start 2.281 1.04) (end 2.281 2.247) (layer F.SilkS) (width 0.12))
    (fp_line (start 2.321 -2.224) (end 2.321 -1.04) (layer F.SilkS) (width 0.12))
    (fp_line (start 2.321 1.04) (end 2.321 2.224) (layer F.SilkS) (width 0.12))
    (fp_line (start 2.361 -2.2) (end 2.361 -1.04) (layer F.SilkS) (width 0.12))
    (fp_line (start 2.361 1.04) (end 2.361 2.2) (layer F.SilkS) (width 0.12))
    (fp_line (start 2.401 -2.175) (end 2.401 -1.04) (layer F.SilkS) (width 0.12))
    (fp_line (start 2.401 1.04) (end 2.401 2.175) (layer F.SilkS) (width 0.12))
    (fp_line (start 2.441 -2.149) (end 2.441 -1.04) (layer F.SilkS) (width 0.12))
    (fp_line (start 2.441 1.04) (end 2.441 2.149) (layer F.SilkS) (width 0.12))
    (fp_line (start 2.481 -2.122) (end 2.481 -1.04) (layer F.SilkS) (width 0.12))
    (fp_line (start 2.481 1.04) (end 2.481 2.122) (layer F.SilkS) (width 0.12))
    (fp_line (start 2.521 -2.095) (end 2.521 -1.04) (layer F.SilkS) (width 0.12))
    (fp_line (start 2.521 1.04) (end 2.521 2.095) (layer F.SilkS) (width 0.12))
    (fp_line (start 2.561 -2.065) (end 2.561 -1.04) (layer F.SilkS) (width 0.12))
    (fp_line (start 2.561 1.04) (end 2.561 2.065) (layer F.SilkS) (width 0.12))
    (fp_line (start 2.601 -2.035) (end 2.601 -1.04) (layer F.SilkS) (width 0.12))
    (fp_line (start 2.601 1.04) (end 2.601 2.035) (layer F.SilkS) (width 0.12))
    (fp_line (start 2.641 -2.004) (end 2.641 -1.04) (layer F.SilkS) (width 0.12))
    (fp_line (start 2.641 1.04) (end 2.641 2.004) (layer F.SilkS) (width 0.12))
    (fp_line (start 2.681 -1.971) (end 2.681 -1.04) (layer F.SilkS) (width 0.12))
    (fp_line (start 2.681 1.04) (end 2.681 1.971) (layer F.SilkS) (width 0.12))
    (fp_line (start 2.721 -1.937) (end 2.721 -1.04) (layer F.SilkS) (width 0.12))
    (fp_line (start 2.721 1.04) (end 2.721 1.937) (layer F.SilkS) (width 0.12))
    (fp_line (start 2.761 -1.901) (end 2.761 -1.04) (layer F.SilkS) (width 0.12))
    (fp_line (start 2.761 1.04) (end 2.761 1.901) (layer F.SilkS) (width 0.12))
    (fp_line (start 2.801 -1.864) (end 2.801 -1.04) (layer F.SilkS) (width 0.12))
    (fp_line (start 2.801 1.04) (end 2.801 1.864) (layer F.SilkS) (width 0.12))
    (fp_line (start 2.841 -1.826) (end 2.841 -1.04) (layer F.SilkS) (width 0.12))
    (fp_line (start 2.841 1.04) (end 2.841 1.826) (layer F.SilkS) (width 0.12))
    (fp_line (start 2.881 -1.785) (end 2.881 -1.04) (layer F.SilkS) (width 0.12))
    (fp_line (start 2.881 1.04) (end 2.881 1.785) (layer F.SilkS) (width 0.12))
    (fp_line (start 2.921 -1.743) (end 2.921 -1.04) (layer F.SilkS) (width 0.12))
    (fp_line (start 2.921 1.04) (end 2.921 1.743) (layer F.SilkS) (width 0.12))
    (fp_line (start 2.961 -1.699) (end 2.961 -1.04) (layer F.SilkS) (width 0.12))
    (fp_line (start 2.961 1.04) (end 2.961 1.699) (layer F.SilkS) (width 0.12))
    (fp_line (start 3.001 -1.653) (end 3.001 -1.04) (layer F.SilkS) (width 0.12))
    (fp_line (start 3.001 1.04) (end 3.001 1.653) (layer F.SilkS) (width 0.12))
    (fp_line (start 3.041 -1.605) (end 3.041 1.605) (layer F.SilkS) (width 0.12))
    (fp_line (start 3.081 -1.554) (end 3.081 1.554) (layer F.SilkS) (width 0.12))
    (fp_line (start 3.121 -1.5) (end 3.121 1.5) (layer F.SilkS) (width 0.12))
    (fp_line (start 3.161 -1.443) (end 3.161 1.443) (layer F.SilkS) (width 0.12))
    (fp_line (start 3.201 -1.383) (end 3.201 1.383) (layer F.SilkS) (width 0.12))
    (fp_line (start 3.241 -1.319) (end 3.241 1.319) (layer F.SilkS) (width 0.12))
    (fp_line (start 3.281 -1.251) (end 3.281 1.251) (layer F.SilkS) (width 0.12))
    (fp_line (start 3.321 -1.178) (end 3.321 1.178) (layer F.SilkS) (width 0.12))
    (fp_line (start 3.361 -1.098) (end 3.361 1.098) (layer F.SilkS) (width 0.12))
    (fp_line (start 3.401 -1.011) (end 3.401 1.011) (layer F.SilkS) (width 0.12))
    (fp_line (start 3.441 -0.915) (end 3.441 0.915) (layer F.SilkS) (width 0.12))
    (fp_line (start 3.481 -0.805) (end 3.481 0.805) (layer F.SilkS) (width 0.12))
    (fp_line (start 3.521 -0.677) (end 3.521 0.677) (layer F.SilkS) (width 0.12))
    (fp_line (start 3.561 -0.518) (end 3.561 0.518) (layer F.SilkS) (width 0.12))
    (fp_line (start 3.601 -0.284) (end 3.601 0.284) (layer F.SilkS) (width 0.12))
    (fp_line (start -1.804775 -1.475) (end -1.304775 -1.475) (layer F.SilkS) (width 0.12))
    (fp_line (start -1.554775 -1.725) (end -1.554775 -1.225) (layer F.SilkS) (width 0.12))
    (fp_text user %R (at 1 0) (layer F.Fab)
      (effects (font (size 1 1) (thickness 0.15)))
    )
    (pad 1 thru_hole rect (at 0 0) (size 1.6 1.6) (drill 0.8) (layers *.Cu *.Mask)
      (net 5 +5V))
    (pad 2 thru_hole circle (at 2 0) (size 1.6 1.6) (drill 0.8) (layers *.Cu *.Mask)
      (net 3 GND))
    (model ${KISYS3DMOD}/Capacitor_THT.3dshapes/CP_Radial_D5.0mm_P2.00mm.wrl
      (at (xyz 0 0 0))
      (scale (xyz 1 1 1))
      (rotate (xyz 0 0 0))
    )
  )

  (module Capacitor_THT:C_Rect_L4.0mm_W2.5mm_P2.50mm (layer F.Cu) (tedit 5AE50EF0) (tstamp 5CF78E9B)
    (at 177.235001 106.905001)
    (descr "C, Rect series, Radial, pin pitch=2.50mm, , length*width=4*2.5mm^2, Capacitor")
    (tags "C Rect series Radial pin pitch 2.50mm  length 4mm width 2.5mm Capacitor")
    (path /5D047210)
    (fp_text reference C2 (at 1.25 -2.5) (layer F.SilkS)
      (effects (font (size 1 1) (thickness 0.15)))
    )
    (fp_text value 1uF (at 1.25 2.5) (layer F.Fab)
      (effects (font (size 1 1) (thickness 0.15)))
    )
    (fp_line (start -0.75 -1.25) (end -0.75 1.25) (layer F.Fab) (width 0.1))
    (fp_line (start -0.75 1.25) (end 3.25 1.25) (layer F.Fab) (width 0.1))
    (fp_line (start 3.25 1.25) (end 3.25 -1.25) (layer F.Fab) (width 0.1))
    (fp_line (start 3.25 -1.25) (end -0.75 -1.25) (layer F.Fab) (width 0.1))
    (fp_line (start -0.87 -1.37) (end 3.37 -1.37) (layer F.SilkS) (width 0.12))
    (fp_line (start -0.87 1.37) (end 3.37 1.37) (layer F.SilkS) (width 0.12))
    (fp_line (start -0.87 -1.37) (end -0.87 -0.665) (layer F.SilkS) (width 0.12))
    (fp_line (start -0.87 0.665) (end -0.87 1.37) (layer F.SilkS) (width 0.12))
    (fp_line (start 3.37 -1.37) (end 3.37 -0.665) (layer F.SilkS) (width 0.12))
    (fp_line (start 3.37 0.665) (end 3.37 1.37) (layer F.SilkS) (width 0.12))
    (fp_line (start -1.05 -1.5) (end -1.05 1.5) (layer F.CrtYd) (width 0.05))
    (fp_line (start -1.05 1.5) (end 3.55 1.5) (layer F.CrtYd) (width 0.05))
    (fp_line (start 3.55 1.5) (end 3.55 -1.5) (layer F.CrtYd) (width 0.05))
    (fp_line (start 3.55 -1.5) (end -1.05 -1.5) (layer F.CrtYd) (width 0.05))
    (fp_text user %R (at 1.25 0) (layer F.Fab)
      (effects (font (size 0.8 0.8) (thickness 0.12)))
    )
    (pad 1 thru_hole circle (at 0 0) (size 1.6 1.6) (drill 0.8) (layers *.Cu *.Mask)
      (net 5 +5V))
    (pad 2 thru_hole circle (at 2.5 0) (size 1.6 1.6) (drill 0.8) (layers *.Cu *.Mask)
      (net 3 GND))
    (model ${KISYS3DMOD}/Capacitor_THT.3dshapes/C_Rect_L4.0mm_W2.5mm_P2.50mm.wrl
      (at (xyz 0 0 0))
      (scale (xyz 1 1 1))
      (rotate (xyz 0 0 0))
    )
  )

  (module Diode_SMD:D_SMB_Handsoldering (layer F.Cu) (tedit 590B3D55) (tstamp 5CF78EB3)
    (at 210.82 38.1)
    (descr "Diode SMB (DO-214AA) Handsoldering")
    (tags "Diode SMB (DO-214AA) Handsoldering")
    (path /5CD9D579)
    (attr smd)
    (fp_text reference D1 (at 0 -3) (layer F.SilkS)
      (effects (font (size 1 1) (thickness 0.15)))
    )
    (fp_text value SMBJ5.0A (at 0 3) (layer F.Fab)
      (effects (font (size 1 1) (thickness 0.15)))
    )
    (fp_text user %R (at 0 -3) (layer F.Fab)
      (effects (font (size 1 1) (thickness 0.15)))
    )
    (fp_line (start -4.6 -2.15) (end -4.6 2.15) (layer F.SilkS) (width 0.12))
    (fp_line (start 2.3 2) (end -2.3 2) (layer F.Fab) (width 0.1))
    (fp_line (start -2.3 2) (end -2.3 -2) (layer F.Fab) (width 0.1))
    (fp_line (start 2.3 -2) (end 2.3 2) (layer F.Fab) (width 0.1))
    (fp_line (start 2.3 -2) (end -2.3 -2) (layer F.Fab) (width 0.1))
    (fp_line (start -4.7 -2.25) (end 4.7 -2.25) (layer F.CrtYd) (width 0.05))
    (fp_line (start 4.7 -2.25) (end 4.7 2.25) (layer F.CrtYd) (width 0.05))
    (fp_line (start 4.7 2.25) (end -4.7 2.25) (layer F.CrtYd) (width 0.05))
    (fp_line (start -4.7 2.25) (end -4.7 -2.25) (layer F.CrtYd) (width 0.05))
    (fp_line (start -0.64944 0.00102) (end -1.55114 0.00102) (layer F.Fab) (width 0.1))
    (fp_line (start 0.50118 0.00102) (end 1.4994 0.00102) (layer F.Fab) (width 0.1))
    (fp_line (start -0.64944 -0.79908) (end -0.64944 0.80112) (layer F.Fab) (width 0.1))
    (fp_line (start 0.50118 0.75032) (end 0.50118 -0.79908) (layer F.Fab) (width 0.1))
    (fp_line (start -0.64944 0.00102) (end 0.50118 0.75032) (layer F.Fab) (width 0.1))
    (fp_line (start -0.64944 0.00102) (end 0.50118 -0.79908) (layer F.Fab) (width 0.1))
    (fp_line (start -4.6 2.15) (end 2.7 2.15) (layer F.SilkS) (width 0.12))
    (fp_line (start -4.6 -2.15) (end 2.7 -2.15) (layer F.SilkS) (width 0.12))
    (pad 1 smd rect (at -2.7 0) (size 3.5 2.3) (layers F.Cu F.Paste F.Mask)
      (net 5 +5V))
    (pad 2 smd rect (at 2.7 0) (size 3.5 2.3) (layers F.Cu F.Paste F.Mask)
      (net 3 GND))
    (model ${KISYS3DMOD}/Diode_SMD.3dshapes/D_SMB.wrl
      (at (xyz 0 0 0))
      (scale (xyz 1 1 1))
      (rotate (xyz 0 0 0))
    )
  )

  (module LED_THT:LED_D5.0mm_Clear (layer F.Cu) (tedit 5A6C9BC0) (tstamp 5CF78ED7)
    (at 334.01 1.27)
    (descr "LED, diameter 5.0mm, 2 pins, http://cdn-reichelt.de/documents/datenblatt/A500/LL-504BC2E-009.pdf")
    (tags "LED diameter 5.0mm 2 pins")
    (path /5D210019)
    (fp_text reference D3 (at 1.27 -3.96) (layer F.SilkS)
      (effects (font (size 1 1) (thickness 0.15)))
    )
    (fp_text value LED (at 1.27 3.96) (layer F.Fab)
      (effects (font (size 1 1) (thickness 0.15)))
    )
    (fp_arc (start 1.27 0) (end -1.29 1.54483) (angle -148.9) (layer F.SilkS) (width 0.12))
    (fp_arc (start 1.27 0) (end -1.29 -1.54483) (angle 148.9) (layer F.SilkS) (width 0.12))
    (fp_arc (start 1.27 0) (end -1.23 -1.469694) (angle 299.1) (layer F.Fab) (width 0.1))
    (fp_circle (center 1.27 0) (end 3.77 0) (layer F.SilkS) (width 0.12))
    (fp_circle (center 1.27 0) (end 3.77 0) (layer F.Fab) (width 0.1))
    (fp_line (start 4.5 -3.25) (end -1.95 -3.25) (layer F.CrtYd) (width 0.05))
    (fp_line (start 4.5 3.25) (end 4.5 -3.25) (layer F.CrtYd) (width 0.05))
    (fp_line (start -1.95 3.25) (end 4.5 3.25) (layer F.CrtYd) (width 0.05))
    (fp_line (start -1.95 -3.25) (end -1.95 3.25) (layer F.CrtYd) (width 0.05))
    (fp_line (start -1.29 -1.545) (end -1.29 1.545) (layer F.SilkS) (width 0.12))
    (fp_line (start -1.23 -1.469694) (end -1.23 1.469694) (layer F.Fab) (width 0.1))
    (fp_text user %R (at 1.25 0) (layer F.Fab)
      (effects (font (size 0.8 0.8) (thickness 0.2)))
    )
    (pad 2 thru_hole circle (at 2.54 0) (size 1.8 1.8) (drill 0.9) (layers *.Cu *.Mask)
      (net 8 "Net-(D3-Pad2)"))
    (pad 1 thru_hole rect (at 0 0) (size 1.8 1.8) (drill 0.9) (layers *.Cu *.Mask)
      (net 9 "Net-(D3-Pad1)"))
    (model ${KISYS3DMOD}/LED_THT.3dshapes/LED_D5.0mm_Clear.wrl
      (at (xyz 0 0 0))
      (scale (xyz 1 1 1))
      (rotate (xyz 0 0 0))
    )
  )

  (module LED_THT:LED_D5.0mm_Clear (layer F.Cu) (tedit 5A6C9BC0) (tstamp 5CF78EE9)
    (at 293.37 -16.51 180)
    (descr "LED, diameter 5.0mm, 2 pins, http://cdn-reichelt.de/documents/datenblatt/A500/LL-504BC2E-009.pdf")
    (tags "LED diameter 5.0mm 2 pins")
    (path /5D4B9977)
    (fp_text reference D4 (at 1.27 -3.96) (layer F.SilkS)
      (effects (font (size 1 1) (thickness 0.15)))
    )
    (fp_text value LED (at 1.27 3.96) (layer F.Fab)
      (effects (font (size 1 1) (thickness 0.15)))
    )
    (fp_arc (start 1.27 0) (end -1.29 1.54483) (angle -148.9) (layer F.SilkS) (width 0.12))
    (fp_arc (start 1.27 0) (end -1.29 -1.54483) (angle 148.9) (layer F.SilkS) (width 0.12))
    (fp_arc (start 1.27 0) (end -1.23 -1.469694) (angle 299.1) (layer F.Fab) (width 0.1))
    (fp_circle (center 1.27 0) (end 3.77 0) (layer F.SilkS) (width 0.12))
    (fp_circle (center 1.27 0) (end 3.77 0) (layer F.Fab) (width 0.1))
    (fp_line (start 4.5 -3.25) (end -1.95 -3.25) (layer F.CrtYd) (width 0.05))
    (fp_line (start 4.5 3.25) (end 4.5 -3.25) (layer F.CrtYd) (width 0.05))
    (fp_line (start -1.95 3.25) (end 4.5 3.25) (layer F.CrtYd) (width 0.05))
    (fp_line (start -1.95 -3.25) (end -1.95 3.25) (layer F.CrtYd) (width 0.05))
    (fp_line (start -1.29 -1.545) (end -1.29 1.545) (layer F.SilkS) (width 0.12))
    (fp_line (start -1.23 -1.469694) (end -1.23 1.469694) (layer F.Fab) (width 0.1))
    (fp_text user %R (at 1.25 0) (layer F.Fab)
      (effects (font (size 0.8 0.8) (thickness 0.2)))
    )
    (pad 2 thru_hole circle (at 2.54 0 180) (size 1.8 1.8) (drill 0.9) (layers *.Cu *.Mask)
      (net 10 "Net-(D4-Pad2)"))
    (pad 1 thru_hole rect (at 0 0 180) (size 1.8 1.8) (drill 0.9) (layers *.Cu *.Mask)
      (net 11 "Net-(D4-Pad1)"))
    (model ${KISYS3DMOD}/LED_THT.3dshapes/LED_D5.0mm_Clear.wrl
      (at (xyz 0 0 0))
      (scale (xyz 1 1 1))
      (rotate (xyz 0 0 0))
    )
  )

  (module LED_THT:LED_D5.0mm_Clear (layer F.Cu) (tedit 5A6C9BC0) (tstamp 5CF78EFB)
    (at 326.39 8.89)
    (descr "LED, diameter 5.0mm, 2 pins, http://cdn-reichelt.de/documents/datenblatt/A500/LL-504BC2E-009.pdf")
    (tags "LED diameter 5.0mm 2 pins")
    (path /5D440D01)
    (fp_text reference D5 (at 1.27 -3.96) (layer F.SilkS)
      (effects (font (size 1 1) (thickness 0.15)))
    )
    (fp_text value LED (at 1.27 3.96) (layer F.Fab)
      (effects (font (size 1 1) (thickness 0.15)))
    )
    (fp_text user %R (at 1.25 0) (layer F.Fab)
      (effects (font (size 0.8 0.8) (thickness 0.2)))
    )
    (fp_line (start -1.23 -1.469694) (end -1.23 1.469694) (layer F.Fab) (width 0.1))
    (fp_line (start -1.29 -1.545) (end -1.29 1.545) (layer F.SilkS) (width 0.12))
    (fp_line (start -1.95 -3.25) (end -1.95 3.25) (layer F.CrtYd) (width 0.05))
    (fp_line (start -1.95 3.25) (end 4.5 3.25) (layer F.CrtYd) (width 0.05))
    (fp_line (start 4.5 3.25) (end 4.5 -3.25) (layer F.CrtYd) (width 0.05))
    (fp_line (start 4.5 -3.25) (end -1.95 -3.25) (layer F.CrtYd) (width 0.05))
    (fp_circle (center 1.27 0) (end 3.77 0) (layer F.Fab) (width 0.1))
    (fp_circle (center 1.27 0) (end 3.77 0) (layer F.SilkS) (width 0.12))
    (fp_arc (start 1.27 0) (end -1.23 -1.469694) (angle 299.1) (layer F.Fab) (width 0.1))
    (fp_arc (start 1.27 0) (end -1.29 -1.54483) (angle 148.9) (layer F.SilkS) (width 0.12))
    (fp_arc (start 1.27 0) (end -1.29 1.54483) (angle -148.9) (layer F.SilkS) (width 0.12))
    (pad 1 thru_hole rect (at 0 0) (size 1.8 1.8) (drill 0.9) (layers *.Cu *.Mask)
      (net 12 "Net-(D5-Pad1)"))
    (pad 2 thru_hole circle (at 2.54 0) (size 1.8 1.8) (drill 0.9) (layers *.Cu *.Mask)
      (net 13 "Net-(D5-Pad2)"))
    (model ${KISYS3DMOD}/LED_THT.3dshapes/LED_D5.0mm_Clear.wrl
      (at (xyz 0 0 0))
      (scale (xyz 1 1 1))
      (rotate (xyz 0 0 0))
    )
  )

  (module LED_THT:LED_D5.0mm_Clear (layer F.Cu) (tedit 5A6C9BC0) (tstamp 5CF78F0D)
    (at 333.185001 8.355001)
    (descr "LED, diameter 5.0mm, 2 pins, http://cdn-reichelt.de/documents/datenblatt/A500/LL-504BC2E-009.pdf")
    (tags "LED diameter 5.0mm 2 pins")
    (path /5D4B99AB)
    (fp_text reference D6 (at 1.27 -3.96) (layer F.SilkS)
      (effects (font (size 1 1) (thickness 0.15)))
    )
    (fp_text value LED (at 1.27 3.96) (layer F.Fab)
      (effects (font (size 1 1) (thickness 0.15)))
    )
    (fp_text user %R (at 1.25 0) (layer F.Fab)
      (effects (font (size 0.8 0.8) (thickness 0.2)))
    )
    (fp_line (start -1.23 -1.469694) (end -1.23 1.469694) (layer F.Fab) (width 0.1))
    (fp_line (start -1.29 -1.545) (end -1.29 1.545) (layer F.SilkS) (width 0.12))
    (fp_line (start -1.95 -3.25) (end -1.95 3.25) (layer F.CrtYd) (width 0.05))
    (fp_line (start -1.95 3.25) (end 4.5 3.25) (layer F.CrtYd) (width 0.05))
    (fp_line (start 4.5 3.25) (end 4.5 -3.25) (layer F.CrtYd) (width 0.05))
    (fp_line (start 4.5 -3.25) (end -1.95 -3.25) (layer F.CrtYd) (width 0.05))
    (fp_circle (center 1.27 0) (end 3.77 0) (layer F.Fab) (width 0.1))
    (fp_circle (center 1.27 0) (end 3.77 0) (layer F.SilkS) (width 0.12))
    (fp_arc (start 1.27 0) (end -1.23 -1.469694) (angle 299.1) (layer F.Fab) (width 0.1))
    (fp_arc (start 1.27 0) (end -1.29 -1.54483) (angle 148.9) (layer F.SilkS) (width 0.12))
    (fp_arc (start 1.27 0) (end -1.29 1.54483) (angle -148.9) (layer F.SilkS) (width 0.12))
    (pad 1 thru_hole rect (at 0 0) (size 1.8 1.8) (drill 0.9) (layers *.Cu *.Mask)
      (net 14 "Net-(D6-Pad1)"))
    (pad 2 thru_hole circle (at 2.54 0) (size 1.8 1.8) (drill 0.9) (layers *.Cu *.Mask)
      (net 15 "Net-(D6-Pad2)"))
    (model ${KISYS3DMOD}/LED_THT.3dshapes/LED_D5.0mm_Clear.wrl
      (at (xyz 0 0 0))
      (scale (xyz 1 1 1))
      (rotate (xyz 0 0 0))
    )
  )

  (module LED_THT:LED_D5.0mm_Clear (layer F.Cu) (tedit 5A6C9BC0) (tstamp 5CF78F1F)
    (at 322.58 22.86)
    (descr "LED, diameter 5.0mm, 2 pins, http://cdn-reichelt.de/documents/datenblatt/A500/LL-504BC2E-009.pdf")
    (tags "LED diameter 5.0mm 2 pins")
    (path /5D4686D7)
    (fp_text reference D7 (at 1.27 -3.96) (layer F.SilkS)
      (effects (font (size 1 1) (thickness 0.15)))
    )
    (fp_text value LED (at 1.27 3.96) (layer F.Fab)
      (effects (font (size 1 1) (thickness 0.15)))
    )
    (fp_arc (start 1.27 0) (end -1.29 1.54483) (angle -148.9) (layer F.SilkS) (width 0.12))
    (fp_arc (start 1.27 0) (end -1.29 -1.54483) (angle 148.9) (layer F.SilkS) (width 0.12))
    (fp_arc (start 1.27 0) (end -1.23 -1.469694) (angle 299.1) (layer F.Fab) (width 0.1))
    (fp_circle (center 1.27 0) (end 3.77 0) (layer F.SilkS) (width 0.12))
    (fp_circle (center 1.27 0) (end 3.77 0) (layer F.Fab) (width 0.1))
    (fp_line (start 4.5 -3.25) (end -1.95 -3.25) (layer F.CrtYd) (width 0.05))
    (fp_line (start 4.5 3.25) (end 4.5 -3.25) (layer F.CrtYd) (width 0.05))
    (fp_line (start -1.95 3.25) (end 4.5 3.25) (layer F.CrtYd) (width 0.05))
    (fp_line (start -1.95 -3.25) (end -1.95 3.25) (layer F.CrtYd) (width 0.05))
    (fp_line (start -1.29 -1.545) (end -1.29 1.545) (layer F.SilkS) (width 0.12))
    (fp_line (start -1.23 -1.469694) (end -1.23 1.469694) (layer F.Fab) (width 0.1))
    (fp_text user %R (at 1.25 0) (layer F.Fab)
      (effects (font (size 0.8 0.8) (thickness 0.2)))
    )
    (pad 2 thru_hole circle (at 2.54 0) (size 1.8 1.8) (drill 0.9) (layers *.Cu *.Mask)
      (net 16 "Net-(D7-Pad2)"))
    (pad 1 thru_hole rect (at 0 0) (size 1.8 1.8) (drill 0.9) (layers *.Cu *.Mask)
      (net 17 "Net-(D7-Pad1)"))
    (model ${KISYS3DMOD}/LED_THT.3dshapes/LED_D5.0mm_Clear.wrl
      (at (xyz 0 0 0))
      (scale (xyz 1 1 1))
      (rotate (xyz 0 0 0))
    )
  )

  (module LED_THT:LED_D5.0mm_Clear (layer F.Cu) (tedit 5A6C9BC0) (tstamp 5CF78F31)
    (at 320.04 11.43)
    (descr "LED, diameter 5.0mm, 2 pins, http://cdn-reichelt.de/documents/datenblatt/A500/LL-504BC2E-009.pdf")
    (tags "LED diameter 5.0mm 2 pins")
    (path /5D4B99DF)
    (fp_text reference D8 (at 1.27 -3.96) (layer F.SilkS)
      (effects (font (size 1 1) (thickness 0.15)))
    )
    (fp_text value LED (at 1.27 3.96) (layer F.Fab)
      (effects (font (size 1 1) (thickness 0.15)))
    )
    (fp_text user %R (at 1.25 0) (layer F.Fab)
      (effects (font (size 0.8 0.8) (thickness 0.2)))
    )
    (fp_line (start -1.23 -1.469694) (end -1.23 1.469694) (layer F.Fab) (width 0.1))
    (fp_line (start -1.29 -1.545) (end -1.29 1.545) (layer F.SilkS) (width 0.12))
    (fp_line (start -1.95 -3.25) (end -1.95 3.25) (layer F.CrtYd) (width 0.05))
    (fp_line (start -1.95 3.25) (end 4.5 3.25) (layer F.CrtYd) (width 0.05))
    (fp_line (start 4.5 3.25) (end 4.5 -3.25) (layer F.CrtYd) (width 0.05))
    (fp_line (start 4.5 -3.25) (end -1.95 -3.25) (layer F.CrtYd) (width 0.05))
    (fp_circle (center 1.27 0) (end 3.77 0) (layer F.Fab) (width 0.1))
    (fp_circle (center 1.27 0) (end 3.77 0) (layer F.SilkS) (width 0.12))
    (fp_arc (start 1.27 0) (end -1.23 -1.469694) (angle 299.1) (layer F.Fab) (width 0.1))
    (fp_arc (start 1.27 0) (end -1.29 -1.54483) (angle 148.9) (layer F.SilkS) (width 0.12))
    (fp_arc (start 1.27 0) (end -1.29 1.54483) (angle -148.9) (layer F.SilkS) (width 0.12))
    (pad 1 thru_hole rect (at 0 0) (size 1.8 1.8) (drill 0.9) (layers *.Cu *.Mask)
      (net 18 "Net-(D8-Pad1)"))
    (pad 2 thru_hole circle (at 2.54 0) (size 1.8 1.8) (drill 0.9) (layers *.Cu *.Mask)
      (net 19 "Net-(D8-Pad2)"))
    (model ${KISYS3DMOD}/LED_THT.3dshapes/LED_D5.0mm_Clear.wrl
      (at (xyz 0 0 0))
      (scale (xyz 1 1 1))
      (rotate (xyz 0 0 0))
    )
  )

  (module LED_THT:LED_D5.0mm_Clear (layer F.Cu) (tedit 5A6C9BC0) (tstamp 5CF78F43)
    (at 328.93 24.13)
    (descr "LED, diameter 5.0mm, 2 pins, http://cdn-reichelt.de/documents/datenblatt/A500/LL-504BC2E-009.pdf")
    (tags "LED diameter 5.0mm 2 pins")
    (path /5D47E0BB)
    (fp_text reference D9 (at 1.27 -3.96) (layer F.SilkS)
      (effects (font (size 1 1) (thickness 0.15)))
    )
    (fp_text value LED (at 1.27 3.96) (layer F.Fab)
      (effects (font (size 1 1) (thickness 0.15)))
    )
    (fp_arc (start 1.27 0) (end -1.29 1.54483) (angle -148.9) (layer F.SilkS) (width 0.12))
    (fp_arc (start 1.27 0) (end -1.29 -1.54483) (angle 148.9) (layer F.SilkS) (width 0.12))
    (fp_arc (start 1.27 0) (end -1.23 -1.469694) (angle 299.1) (layer F.Fab) (width 0.1))
    (fp_circle (center 1.27 0) (end 3.77 0) (layer F.SilkS) (width 0.12))
    (fp_circle (center 1.27 0) (end 3.77 0) (layer F.Fab) (width 0.1))
    (fp_line (start 4.5 -3.25) (end -1.95 -3.25) (layer F.CrtYd) (width 0.05))
    (fp_line (start 4.5 3.25) (end 4.5 -3.25) (layer F.CrtYd) (width 0.05))
    (fp_line (start -1.95 3.25) (end 4.5 3.25) (layer F.CrtYd) (width 0.05))
    (fp_line (start -1.95 -3.25) (end -1.95 3.25) (layer F.CrtYd) (width 0.05))
    (fp_line (start -1.29 -1.545) (end -1.29 1.545) (layer F.SilkS) (width 0.12))
    (fp_line (start -1.23 -1.469694) (end -1.23 1.469694) (layer F.Fab) (width 0.1))
    (fp_text user %R (at 1.25 0) (layer F.Fab)
      (effects (font (size 0.8 0.8) (thickness 0.2)))
    )
    (pad 2 thru_hole circle (at 2.54 0) (size 1.8 1.8) (drill 0.9) (layers *.Cu *.Mask)
      (net 20 "Net-(D9-Pad2)"))
    (pad 1 thru_hole rect (at 0 0) (size 1.8 1.8) (drill 0.9) (layers *.Cu *.Mask)
      (net 21 "Net-(D9-Pad1)"))
    (model ${KISYS3DMOD}/LED_THT.3dshapes/LED_D5.0mm_Clear.wrl
      (at (xyz 0 0 0))
      (scale (xyz 1 1 1))
      (rotate (xyz 0 0 0))
    )
  )

  (module Fuse:Fuse_1812_4532Metric_Pad1.30x3.40mm_HandSolder (layer F.Cu) (tedit 5B301BBE) (tstamp 5CF78F54)
    (at 208.28 46.99)
    (descr "Fuse SMD 1812 (4532 Metric), square (rectangular) end terminal, IPC_7351 nominal with elongated pad for handsoldering. (Body size source: https://www.nikhef.nl/pub/departments/mt/projects/detectorR_D/dtddice/ERJ2G.pdf), generated with kicad-footprint-generator")
